   19.8997   67.4272
   92.7103   34.3817
   59.4493   61.5487
    0.3374   98.2013
   89.9513   69.2757
   43.9654   70.1023
   60.9715   29.9886
   85.6037   11.2072
   29.1560    9.7447
   39.7448   33.3313
   94.4235   83.8555
   25.8427    4.2898
    0.5885   57.4418
   74.3902   80.6831
   63.7571   25.1271
   14.4320   65.1551
   94.6087   81.5887
   93.0247   30.9941
   26.8817   53.6451
   16.3278   21.0988
   21.6812   65.1790
    5.2776   22.9290
   66.7432   31.0934
   30.6633   72.0680
   95.4407   13.1138
    6.8277   12.5227
   16.6153   91.1417
   13.6260   61.6995
   26.8982   22.0664
   71.2901   54.8996
   94.1348   32.9865
   70.4486   94.3425
   58.1594   88.0154
   74.9612   37.9617
   72.5561   16.2798
   95.6205   19.6229
   77.6193   61.3296
   16.2280    3.1054
   28.8629   97.1064
   95.0499   22.8048
   95.8526   67.9858
    5.4969   59.9841
   39.3146   21.5366
   18.2400    7.6754
    0.7424   78.8783
    1.7788   87.7941
   35.2542   72.2140
   96.8451   15.5668
   16.2956   31.3397
    2.9382   35.7625
    2.7190   79.3667
   99.9231   11.0239
   62.2601   13.2572
   31.0030   13.4788
   22.3326   39.6547
   13.5143   24.1059
   92.7516   39.1101
   51.1263    9.2896
    2.1699   15.9535
   84.4516   87.9153
   18.6990   99.1305
   71.2030   87.1365
   47.9631   49.6005
   28.7532    6.0941
   26.2468   18.6261
   91.7090   12.3279
    1.3445   36.9691
   69.8641   88.9347
   59.3771   15.6691
   31.6689   23.3395
    0.8422   39.6904
   64.9868    8.5001
   76.8810   96.9702
   71.4797   78.1962
   23.7565   19.5731
   26.3214   71.3785
   97.7600   63.7122
   54.5924   84.8057
   80.2098   66.8306
   67.0983   82.0644
   97.0472   48.6925
   81.7469   64.1571
   30.6349   66.0932
   35.8017   93.8199
   48.7667    9.0990
   67.3834   51.4880
   22.1579   72.5009
    6.8247   96.4124
   20.7657   16.1118
   63.8221    0.0228
   33.5633   27.5100
    4.4528    9.3896
   40.9997   81.6892
   87.0517    2.2555
   72.7177   84.8009
   72.8600   95.5099
   65.6351   74.2305
   34.4966   88.4022
   34.7244    5.9477
   71.8415   95.8214